-0.1679785335
-0.1077232990
-0.1446679723
-0.0765527818
-0.0498612908
0.0066351618
0.0338806639
0.0591812978
0.0231950616
-0.1369756856
-0.2481023853
-0.1709842435
-0.0180227946
0.0302059606
-0.0853534161
-0.0733912951
-0.0955247386
-0.2217109759
-0.2607395628
-0.2194727550
-0.0440369595
-0.2551772384
0.1255801428
-0.2799175591
-0.3579204797
-0.1276061514
0.1377807389
-0.2491154906
-0.2588752713
-0.1551933126
-0.1166288452
0.0574837405
-0.3641579379
0.1721155993
-0.2466184999
-0.3869586647
-0.4339243113
0.0164021118
0.1205408088
0.1124777711
-0.1960288426
0.2468155659
0.3126177577
-0.0184124101
0.0270934990
0.2738442931
0.1556062981
0.1019080618
-0.1754661420
-0.3757633925
-0.0915514755
-0.1832037426
0.2551926054
-0.1927202372
-0.1702730757
-0.1826054332
0.2910442363
-0.3556839528
-0.0932810892
-0.5032136273
-0.2744362101
-0.1710642951
-0.0032194931
-0.4418248559
-0.3397101552
0.0737207804
0.3034242535
0.2253376546
-0.1017079753
-0.1131165445
-0.2608074410
-0.3234472059
-0.2268667983
-0.4982955592
0.0607209399
0.2556398527
0.3653594868
-0.3195840593
0.2834872711
0.1557960504
-0.3666829017
0.0729948292
-0.1654948576
0.3262275000
0.3013958162
-0.2413785119
0.1505072292
0.3222511346
-0.0093184354
-0.1323056591
-0.5340068218
-0.1568778294
-0.0167778824
0.0438346961
-0.0041028096
0.1619787960
-0.1378923870
0.1872280787
0.3570425735
-0.2216055043
0.3549021219
0.2560229919
-0.3462358369
-0.5689102844
0.0421293618
0.1683791204
-0.3439288432
0.2534297036
0.0376238476
-0.3685704487
-0.1832780789
0.0744799616
-0.5556192013
-0.4698207271
-0.4754359637
-0.3661997785
0.1356726536
0.0944960971
-0.1207172806
0.0265570377
-0.2021053499
-0.1353988061
-0.3817519062
0.3395535352
0.0957063134
-0.2187438820
-0.5180702463
0.3607636787
0.3380929727
0.1873873160
0.3780839600
0.2667806223
-0.5194149776
0.0583059972
-0.1078504700
-0.4656035135
-0.2417984217
-0.0776748548
-0.5267670775
0.3263479415
0.2441340894
0.3885421459
0.2297323960
0.1316192700
-0.2723181897
-0.5343100657
-0.5288687700
-0.2526785032
-0.0087160958
0.1811560805
-0.3966485606
0.2343989126
-0.4142504979
-0.2710242047
-0.4556395510
0.2946350807
0.3445337529
0.0107043806
0.3770144640
0.0293435584
0.0737024415
0.0935417916
-0.2987101004
0.3752853888
0.3085198312
0.1039305011
-0.5374148473
-0.0020019076
-0.3813643916
-0.2634968287
-0.5652630398
-0.1429449209
-0.5204819353
0.2046018955
0.1870992990
-0.4882204929
-0.1406673743
-0.3089003972
0.1124503249
-0.5306407847
-0.5835522868
-0.3735472446
0.1048750670
-0.2422534867
-0.2171167062
0.0185370803
-0.0311975895
-0.0659887819
-0.2213862563
-0.3577621782
0.2568418363
0.3154980361
0.1990008461
-0.0288069352
-0.2900482263
-0.5665991785
0.2882280922
-0.0169196656
0.1633756398
-0.0085470911
-0.5012007372
-0.0822897586
-0.3419778714
0.3081471220
0.3085941729
-0.2703650684
0.2911967990
-0.1532331578
0.2583041392
-0.5588185819
0.2803388441
-0.4619754118
-0.3846931197
-0.3851951732
0.1847349332
-0.4885971350
-0.4681909548
0.0042999139
-0.0614052540
0.0242710186
-0.0391356535
0.1937383879
0.0497347102
-0.3256696513
0.1640125540
-0.5544672399
-0.4437345502
0.2727287165
-0.3539626405
0.2587602958
-0.3046530618
-0.3371928003
-0.2714534517
0.0811198035
0.2024742979
-0.3862519169
0.1019729529
-0.1652830656
-0.3533101067
0.2362560666
-0.3426334580
0.3402614072
-0.5513613001
-0.0960662348
-0.4431880276
-0.3202077726
-0.2892122907
-0.2536277718
-0.3520745480
0.3173670577
0.3019555301
-0.1694880431
-0.4118532146
-0.0181528893
-0.5033841673
-0.2074488605
-0.3725150809
-0.1828610916
-0.5239655114
0.2534192628
-0.2983874563
0.0988620507
0.2316610020
0.0232092720
0.2377323648
0.2192686502
0.0827462928
0.3424735542
0.2609483762
0.3586833146
-0.2878392984
-0.1130595977
-0.5772567330
-0.4349394118
-0.4068506424
-0.2106777803
-0.4991873861
-0.5673324448
-0.2576101623
0.3142276160
-0.1397829917
-0.5054952564
0.0343485550
-0.3767352731
0.1213241817
-0.4038541541
0.2751427386
-0.0284265684
0.1587003263
-0.3947752276
0.0964058202
-0.0438742931
-0.5232962857
-0.1830414521
0.2407985516
-0.0866419394
-0.3081361188
0.3036488172
-0.5175821976
-0.4473105235
0.2959033650
0.2900760003
0.3679574844
0.3752287068
-0.1905249390
0.2510178002
0.0704169742
0.2185993669
-0.0084285034
0.0786724596
-0.0349679465
-0.3969854559
0.0494530267
-0.4150582863
0.3703218677
0.2905365098
0.2576606623
0.1241551320
-0.5049322665
-0.1206788827
0.2048338126
0.2238026025
0.2995596431
0.0564940073
-0.3597081918
-0.2451240066
-0.1070136031
-0.1199461071
-0.4955996550
-0.2064859605
-0.5247217495
-0.2682797164
-0.3247450041
-0.5880192887
0.2740318117
-0.1230851378
0.1092633939
-0.4138057732
0.2684632147
0.0903919601
-0.0459137406
-0.0057900408
-0.1601764104
-0.4585739529
0.2366477436
0.0839791754
-0.2799794329
-0.0535761774
-0.4879148873
0.1960256809
-0.1937192112
-0.1797264222
-0.4495524439
-0.4750940445
-0.2410963166
-0.3179915191
0.1550294900
0.1051967222
-0.1544892952
0.3535844983
-0.2958477117
-0.0712562414
-0.0355765068
0.0851607520
-0.3548545010
0.0295801644
-0.3737800038
0.0067420388
-0.4746227385
-0.2248950904
-0.2497679371
-0.3664459323
-0.1697402229
-0.0413482482
-0.0192718231
0.1882343663
-0.1421681175
-0.4545789639
0.0066112834
-0.2753010766
0.0823138797
0.0307299657
0.0400777102
-0.0739665311
-0.1313634351
-0.1747690779
-0.2073272414
-0.1923819286
-0.1850505875
-0.0179335866
-0.0156956863
-0.0542804393
-0.1387868024
-0.1565103283
-0.2740747687
-0.2696179373
-0.2142483754
-0.0342209420
0.1285375442
0.1495774359
